,0,1,2
0,0.7723166190170337,0.2268567921314425,0.0008265888515238309
1,0.9564432558225827,0.043545377959301045,1.1366218116056677e-05
2,0.8991722472865008,0.10064401892989207,0.0001837337836072524
3,0.9973861955955337,0.0026137750899905064,2.931447589670243e-08
4,0.8548155351577538,0.14453372598006178,0.0006507388621844561
5,0.8123568689226683,0.1852918352450175,0.0023512958323141167
6,0.3763285837391228,0.5720000402642145,0.0516713759966628
7,0.9448779535069393,0.05496776551550557,0.00015428097755523142
8,0.9368791374174074,0.06295467270672296,0.0001661898758696387
9,0.9959639329141063,0.004035764524352738,3.025615407342757e-07
10,0.9569012779940921,0.04300632883512197,9.239317078597445e-05
11,0.9813222983869334,0.018640719758948935,3.698185411747758e-05
12,0.9239369610860788,0.07573009363111917,0.0003329452828020218
13,0.9781978143755033,0.021758117777314408,4.406784718231792e-05
14,0.9994795442470765,0.0005204556547627661,9.816080943805188e-11
15,0.9586654128140377,0.04123316634499231,0.00010142084097004732
16,0.7104234418281802,0.2789091364216106,0.010667421750209254
17,0.9379588216008847,0.06177168078766354,0.0002694976114518636
18,0.924494448089025,0.07526975606842927,0.0002357958425456409
19,0.6238915297779599,0.3637772839042367,0.012331186317803444
20,0.9856568449953838,0.01428797992896463,5.5175075651665345e-05
21,0.9096043402743617,0.08967161975833338,0.0007240399673050153
22,0.9057768293453372,0.09369209976736209,0.0005310708873007921
23,0.8915859433990544,0.1083748530142,3.9203586745575565e-05
24,0.7204579748598279,0.19615956758520678,0.08338245755496541
25,0.9939362527216048,0.006062814016225385,9.332621698212933e-07
26,0.9694871632749422,0.03043649812952218,7.633859553552184e-05
27,0.9373488170285761,0.06238377361351493,0.00026740935790895256
28,0.9735853366686688,0.020705588442662327,0.0057090748886688214
29,0.6157816412886944,0.3710046704387988,0.013213688272506859
30,0.02427439665950737,0.9756992029833603,2.6400357132365318e-05
31,0.02559181616602962,0.9137300031206348,0.06067818071333549
32,0.0032385483479073322,0.9309239376836373,0.0658375139684553
33,0.0007630740894387702,0.9991389959989211,9.792991164000058e-05
34,0.058706719181575794,0.937460491680372,0.003832789138052204
35,0.0331383122864996,0.9562081821616889,0.010653505551811462
36,0.09120217532384474,0.9038545241549578,0.004943300521197465
37,0.00802374990708521,0.983460795017467,0.008515455075447698
38,0.020548855747221043,0.9274120916747265,0.052039052578052435
39,0.016286360587754893,0.8812703872298308,0.10244325218241446
40,0.9230490014564932,0.07684816369144003,0.00010283485206684803
41,0.044313335574484886,0.9532253585568045,0.0024613058687106277
42,0.00010161612404200361,0.9998628174943869,3.556638157099151e-05
43,0.01346049419747588,0.9548709884869181,0.03166851731560587
44,0.15392448620343233,0.8143294617877423,0.03174605200882549
45,0.003650350365927457,0.9963095763791466,4.007325492596793e-05
46,0.04141652195617946,0.9584992965841846,8.41814596359648e-05
47,0.0733735006634974,0.8728155454797472,0.053810953856755495
48,0.0751907256994306,0.8849441850806031,0.03986508921996609
49,0.012537504301901831,0.9844783427105382,0.002984152987559873
50,0.13148323302710666,0.8683794317221528,0.0001373352507404318
51,0.01994383130771328,0.9798216672760743,0.00023450141621224983
52,0.11754524627471967,0.8785012253454185,0.003953528379861947
53,0.21489010862367372,0.7844967071513442,0.0006131842249819272
54,0.12337385132491015,0.8736965955109696,0.0029295531641202574
55,0.006224264631350524,0.9829788038372244,0.010796931531425287
56,0.6818659897072661,0.30985191210146884,0.008282098191265052
57,0.0006521354089607368,0.9975170203095407,0.001830844281498531
58,0.027515484834946473,0.9401474109386934,0.0323371042263601
59,0.006566097328996916,0.9876440520034316,0.005789850667571532
60,0.004897827416019001,0.8055143509302275,0.1895878216537536
61,0.0694997863282144,0.926383181232804,0.0041170324389815565
62,0.00415406896243252,0.9480567150974597,0.04778921594010772
63,0.2312376713406139,0.7619045708148683,0.0068577578445178635
64,1.756959271523399e-09,1.8745820852176648e-09,0.9999999963684587
65,7.0346630896136e-46,1.8454833497160025e-40,1.0
66,2.6603578392767463e-07,4.735805200737511e-07,0.9999992603836959
67,9.980523008144705e-19,5.395871429234573e-17,1.0
68,5.968791164669583e-14,1.668627908462035e-11,0.9999999999832541
69,1.4557386041314904e-28,2.846029843133541e-26,1.0
70,0.00013121294427635312,0.010023610825131934,0.9898451762305917
71,0.048473506256231084,0.061491902055086936,0.890034591688682
72,1.035910101665218e-07,9.282329885127371e-07,0.9999989681760013
73,9.674819329905499e-26,9.91977412038741e-21,1.0
74,6.60452160635227e-30,7.696026953155541e-26,1.0
75,0.06302011946750975,0.008282158958840664,0.9286977215736496
76,0.0001615604145083161,0.018935700192157342,0.9809027393933345
77,2.206823080741121e-25,1.0119775573189648e-22,1.0
78,0.005532269500902985,0.0699454906871631,0.9245222398119339
79,3.3948206536398643e-06,4.889361352266579e-06,0.9999917158179941
80,0.0025863657958246303,0.024331408074420663,0.9730822261297547
81,0.001295950467795788,0.001128945642102678,0.9975751038901015
82,1.3452927342443826e-08,2.9179882642318955e-07,0.9999996947482462
83,3.8387037174744035e-11,2.8146361713689187e-10,0.9999999996801494
84,1.957009791157272e-05,0.0004065078468460171,0.9995739220552424
85,1.0163819135061523e-11,2.2658780579432625e-10,0.9999999997632483
86,7.116967891130695e-09,7.638629758078201e-09,0.9999999852444024
87,3.086073759049601e-05,0.00010459666488363177,0.9998645425975259
88,0.0032250791393117115,0.06940046925862783,0.9273744516020604
89,3.7432990516474397e-29,8.646163248111408e-26,1.0
90,8.427959403729687e-10,2.4987287656471475e-09,0.9999999966584754
91,0.00012478530151182175,0.00043031299269347605,0.9994449017057947
92,0.12406602551882122,0.6431251012024405,0.23280887327873825
93,7.760203662995694e-15,5.431819609552448e-13,0.9999999999994491
94,2.6597486461661797e-12,1.857851725631814e-10,0.9999999998115552
